60 100
0 500 500 1
1 96 166 0
2 592 601 0
3 109 376 0
4 989 945 0
5 213 62 0
6 841 707 0
7 364 331 0
8 653 625 0
9 45 706 0
10 804 618 0
11 483 505 0
12 766 761 0
13 341 550 0
14 426 263 0
15 492 209 0
16 993 774 0
17 181 304 0
18 770 607 0
19 141 526 0
20 713 691 0
21 580 221 0
22 448 945 0
23 537 869 0
24 451 734 0
25 609 58 0
26 107 838 0
27 977 732 0
28 140 598 0
29 989 568 0
30 790 505 0
31 911 411 0
32 876 488 0
33 875 943 0
34 803 788 0
35 564 5 0
36 309 918 0
37 218 822 0
38 165 402 0
39 556 183 0
40 771 651 0
41 583 852 0
42 107 57 0
43 224 287 0
44 982 53 0
45 235 297 0
46 475 17 0
47 539 239 0
48 296 223 0
49 222 720 0
50 916 379 0
51 865 0 0
52 659 774 0
53 696 780 0
54 722 11 0
55 211 304 0
56 781 181 0
57 857 934 0
58 845 147 0
59 44 478 0
22 36 7.2
3 38 3.0
22 23 6.1
9 43 25.0
3 19 8.0
14 28 21.7
21 39 2.2
16 27 2.2
5 19 23.7
7 14 4.7
52 53 1.9
19 20 30.7
7 48 6.0
35 51 14.7
15 38 20.2
27 54 35.9
28 54 44.5
31 44 17.3
4 6 13.9
21 25 7.6
34 38 35.1
2 4 25.4
23 34 14.0
0 49 16.1
2 8 3.1
3 17 5.5
43 55 1.0
4 33 5.3
0 7 10.7
19 59 5.4
28 56 39.1
28 59 7.2
51 54 7.6
1 21 24.7
24 30 21.9
46 49 40.0
6 24 18.9
12 34 2.5
21 58 14.4
17 43 2.2
14 19 20.1
21 56 10.6
20 22 16.8
26 57 34.2
23 41 2.6
10 16 12.0
3 33 48.8
25 35 3.5
47 49 27.1
11 29 27.2
56 58 3.7
9 26 7.8
14 15 3.9
3 9 16.9
45 52 31.9
19 28 3.7
4 16 7.9
37 49 4.8
42 48 12.0
34 44 34.1
44 51 6.3
43 45 1.0
6 29 10.2
33 57 1.0
4 48 48.0
22 37 12.9
0 2 6.8
39 55 20.0
18 20 5.3
1 3 10.0
19 46 31.8
4 12 15.7
10 18 1.7
10 40 2.6
41 56 33.8
0 11 1.0
30 31 7.5
26 37 5.2
5 12 48.6
6 12 4.5
1 5 8.1
18 30 5.0
5 42 5.6
30 32 4.6
11 13 8.0
15 21 4.5
34 50 19.1
23 24 8.7
48 50 35.1
20 50 17.2
40 47 23.8
40 58 26.5
6 10 4.4
31 50 1.7
20 52 5.3
3 32 36.1
28 38 9.9
25 46 7.6
0 1 28.3
21 47 2.4
