80
1 4.6 2 36.7 66.80000000000001
2 5.5 55 24.7 51.0
3 2.0 12 39.6 134.1
4 3.1 16 42.5 90.6
5 3.1 22 49.5 116.5
6 6.8 55 8.4 52.199999999999996
7 3.7 42 12.0 49.0
8 5.2 39 6.1 95.8
9 4.3 9 36.9 126.5
10 1.5 43 27.6 68.80000000000001
11 6.1 35 19.2 71.1
12 1.1 17 30.0 88.4
13 3.4 45 6.0 49.9
14 5.2 56 2.4 100.4
15 6.8 23 28.9 57.8
16 6.5 16 47.9 81.19999999999999
17 4.0 30 16.6 86.6
18 1.1 5 1.3 65.89999999999999
19 2.8 31 1.1 23.900000000000002
20 6.9 53 40.9 87.19999999999999
21 3.3 45 17.9 55.9
22 7.7 38 42.7 135.8
23 6.3 38 34.3 119.8
24 5.5 9 33.5 73.1
25 5.0 23 30.8 72.0
26 3.1 51 34.3 132.7
27 4.9 55 27.4 64.0
28 7.1 7 22.7 53.2
29 7.0 31 22.5 56.2
30 6.8 28 8.1 32.4
31 1.2 19 42.3 116.7
32 7.2 25 20.6 111.1
33 6.8 36 0.7 54.5
34 2.7 43 37.3 61.599999999999994
35 4.1 9 47.2 118.0
36 7.5 12 18.7 106.8
37 1.8 7 46.8 95.69999999999999
38 5.1 39 32.6 62.7
39 6.0 22 13.9 80.0
40 5.8 27 7.3 58.0
41 1.3 27 15.5 65.8
42 2.6 47 39.5 93.1
43 2.9 16 10.1 83.19999999999999
44 3.3 1 8.4 60.9
45 2.0 42 25.9 84.0
46 2.1 23 26.5 80.8
47 7.7 52 0.6 80.3
48 1.7 42 11.1 99.89999999999999
49 6.8 18 18.4 98.9
50 6.6 4 18.4 103.80000000000001
51 1.3 11 41.2 123.4
52 4.0 40 23.6 109.5
53 6.5 33 19.4 84.1
54 7.0 6 21.8 83.0
55 4.2 13 40.0 94.6
56 3.6 50 29.6 124.30000000000001
57 6.1 50 26.1 93.9
58 4.0 29 42.4 126.4
59 5.3 55 38.0 136.2
60 8.0 3 18.7 47.099999999999994
61 4.8 22 38.9 116.80000000000001
62 1.5 5 19.0 117.5
63 2.7 10 0.3 30.5
64 5.8 51 18.8 118.6
65 7.7 41 39.7 78.9
66 4.7 32 35.3 61.699999999999996
67 3.2 6 9.0 40.5
68 3.8 5 6.0 66.4
69 4.8 56 33.9 95.69999999999999
70 7.8 12 9.2 42.400000000000006
71 1.8 13 22.5 52.4
72 3.0 54 31.6 129.3
73 5.1 4 2.4 71.2
74 4.7 2 14.2 94.7
75 2.7 31 40.5 106.2
76 1.4 15 9.7 70.5
77 5.1 14 17.8 70.8
78 4.0 15 43.0 92.4
79 3.6 22 35.4 112.1
80 5.9 14 7.2 97.7
